[debug] root_ang_vel_b order=[x,y,z] values=[-3.718489646911621, -7.54580545425415, 2.3595035076141357]
[debug] base_ang_vel_scaled scale=[-0.9296224117279053, -1.8864513635635376, 0.5898758769035339]
projected_gravity tensor([-0.5033,  0.4149, -0.7580], device='cuda:0')
[debug] velocity_commands_scaled: [0.0, 1.0, 0.0]
[debug] joint_pos_rel order joint_ids=[0, 4, 8, 12, 1, 5, 9, 13, 2, 6, 10, 14, 3, 7, 11, 15]
[debug] joint_names=['FL_hip_joint', 'FL_thigh_joint', 'FL_calf_joint', 'FL_foot_joint', 'FR_hip_joint', 'FR_thigh_joint', 'FR_calf_joint', 'FR_foot_joint', 'RL_hip_joint', 'RL_thigh_joint', 'RL_calf_joint', 'RL_foot_joint', 'RR_hip_joint', 'RR_thigh_joint', 'RR_calf_joint', 'RR_foot_joint']
[debug] default_joint_pos for resolved_ids=[0, 4, 8, 12, 1, 5, 9, 13, 2, 6, 10, 14, 3, 7, 11, 15]: [0.10000000149011612, 0.800000011920929, -1.5, 0.0, -0.10000000149011612, 0.800000011920929, -1.5, 0.0, 0.10000000149011612, 1.0, -1.5, 0.0, -0.10000000149011612, 1.0, -1.5, 0.0]
[debug] asset.data.joint_pos[:, asset_cfg.joint_ids]: [-0.3044884502887726, 1.519921064376831, -2.1878716945648193, -0.7119135856628418, 0.05063806474208832, 1.1145656108856201, -1.936357855796814, -1.6154758930206299, 0.8522752523422241, 1.1336100101470947, -2.1981399059295654, 5.967766761779785, -0.16227295994758606, 1.5326502323150635, -1.919360876083374, -5.978662490844727]
[debug] joint_pos_rel_scaled_zero_wheels: [-0.4044884443283081, 0.7199210524559021, -0.6878716945648193, 0.0, 0.15063807368278503, 0.31456559896469116, -0.43635785579681396, 0.0, 0.7522752285003662, 0.13361001014709473, -0.6981399059295654, 0.0, -0.06227295845746994, 0.5326502323150635, -0.419360876083374, 0.0]
[debug] asset.data.joint_vel[:, asset_cfg.joint_ids]: [1.0793256759643555, 2.816779851913452, -2.7024669647216797, 73.46142578125, 0.5302428007125854, -0.6876868605613708, 3.249500036239624, -75.24532318115234, 14.407535552978516, -0.10904854536056519, 0.30137336254119873, 3.8950960636138916, 1.2519296407699585, 2.5035197734832764, -3.868990659713745, 41.21211624145508]
[debug] asset.data.default_joint_vel[:, asset_cfg.joint_ids]: [[0.0, 0.0, 0.0, 0.0, 0.0, 0.0, 0.0, 0.0, 0.0, 0.0, 0.0, 0.0, 0.0, 0.0, 0.0, 0.0]]
[DEBUG] action_term._last_actions_phase: [0.148681640625, 5.296875, -3.240234375, -4.14453125, 2.927734375, 0.962890625, -1.04296875, 2.78515625, -4.05078125, 1.3564453125, 2.21484375, -4.984375, -1.0439453125, 2.458984375, -3.310546875, -9.7109375]
[DEBUG] self.policy_curr_obs: [-0.9296875, -1.88671875, 0.58984375, -0.50341796875, 0.4150390625, -0.7578125, 0.0, 1.0, 0.0, -0.404541015625, 0.7197265625, -0.68798828125, 0.0, 0.150634765625, 0.314453125, -0.436279296875, 0.0, 0.75244140625, 0.1336669921875, -0.6982421875, 0.0, -0.062286376953125, 0.53271484375, -0.41943359375, 0.0, 0.053955078125, 0.140869140625, -0.1351318359375, 3.673828125, 0.0265045166015625, -0.034393310546875, 0.1624755859375, -3.76171875, 0.72021484375, -0.005451202392578125, 0.01506805419921875, 0.1947021484375, 0.0626220703125, 0.1251220703125, -0.1934814453125, 2.060546875, 0.148681640625, 5.296875, -3.240234375, -4.14453125, 2.927734375, 0.962890625, -1.04296875, 2.78515625, -4.05078125, 1.3564453125, 2.21484375, -4.984375, -1.0439453125, 2.458984375, -3.310546875, -9.7109375]
[DEBUG] self.policy_hist_obs: [[-0.01296234130859375, -0.359619140625, 0.1348876953125, -0.0521240234375, 0.11822509765625, -0.99169921875, 0.0, 1.0, 0.0, -0.50048828125, 0.384765625, -0.63720703125, 0.0, 0.049591064453125, 0.521484375, -0.89697265625, 0.0, 0.2147216796875, 0.2080078125, -1.00390625, 0.0, -0.2210693359375, -0.0113067626953125, 0.1937255859375, 0.0, -0.08258056640625, 0.0221405029296875, 0.09234619140625, 0.015716552734375, 0.006626129150390625, 0.1297607421875, 0.048248291015625, -3.830078125, -0.010406494140625, -0.1463623046875, -0.0075225830078125, 2.607421875, -0.0462646484375, 0.0758056640625, 0.051727294921875, -0.486572265625, -5.95703125, 1.58984375, -0.66943359375, -0.76123046875, 0.96826171875, 2.365234375, -3.87109375, 3.376953125, 1.5791015625, 0.47705078125, -3.92578125, -8.984375, 0.494873046875, -0.8779296875, 0.47314453125, -3.435546875], [0.06805419921875, -0.30712890625, 0.2039794921875, -0.0755615234375, 0.11431884765625, -0.99072265625, 0.0, 1.0, 0.0, -0.5146484375, 0.38232421875, -0.60400390625, 0.0, 0.0682373046875, 0.5380859375, -0.90673828125, 0.0, 0.2147216796875, 0.1826171875, -0.96875, 0.0, -0.2392578125, 0.015960693359375, 0.193359375, 0.0, -0.03765869140625, -0.0162506103515625, 0.075439453125, 0.135009765625, 0.00994873046875, 0.1219482421875, 0.056121826171875, -3.828125, -0.0182952880859375, -0.160400390625, 0.035125732421875, 2.626953125, -0.0399169921875, 0.09381103515625, 0.0081329345703125, -0.56298828125, -5.34765625, 1.76171875, -1.1474609375, -0.8232421875, 1.56640625, 2.376953125, -3.6171875, 3.462890625, 0.7197265625, 0.369873046875, -3.109375, -8.796875, -0.0638427734375, -0.65478515625, 0.164794921875, -3.29296875], [0.0889892578125, -0.180419921875, 0.31787109375, -0.0914306640625, 0.1068115234375, -0.990234375, 0.0, 1.0, 0.0, -0.51708984375, 0.37841796875, -0.5908203125, 0.0, 0.08331298828125, 0.54150390625, -0.9013671875, 0.0, 0.2132568359375, 0.146484375, -0.9140625, 0.0, -0.2476806640625, 0.05230712890625, 0.167236328125, 0.0, -0.0210723876953125, -0.032379150390625, -0.029205322265625, 3.107421875, 0.004489898681640625, 0.0855712890625, 0.0904541015625, -3.8203125, -0.011993408203125, -0.190185546875, 0.0880126953125, 2.6796875, -3.135204315185547e-05, 0.11358642578125, -0.05352783203125, -0.6533203125, -4.484375, 1.93359375, -1.7841796875, -0.947265625, 2.083984375, 2.248046875, -3.1015625, 3.5, -0.330078125, 0.2626953125, -2.142578125, -8.4765625, -0.36181640625, -0.3056640625, -0.288818359375, -2.962890625], [-0.183837890625, -0.305908203125, 0.384521484375, -0.11016845703125, 0.11578369140625, -0.9873046875, 0.0, 1.0, 0.0, -0.501953125, 0.39453125, -0.568359375, 0.0, 0.10699462890625, 0.5263671875, -0.865234375, 0.0, 0.219970703125, 0.1312255859375, -0.8603515625, 0.0, -0.2271728515625, 0.09814453125, 0.1094970703125, 0.0, 0.0265045166015625, -0.008026123046875, 0.01044464111328125, 2.87890625, 0.0263671875, 0.034912109375, 0.161865234375, -3.810546875, 0.01024627685546875, -0.1304931640625, 0.0875244140625, 2.736328125, 0.0802001953125, 0.12298583984375, -0.1571044921875, -0.236083984375, -3.333984375, 1.9482421875, -1.595703125, -3.201171875, 2.873046875, 1.958984375, -2.29296875, 3.3125, -0.65185546875, 0.6181640625, -1.61328125, -8.15625, -0.70361328125, 0.275390625, -0.75390625, -3.60546875], [-0.2042236328125, -0.4306640625, 0.47607421875, -0.13525390625, 0.1319580078125, -0.98193359375, 0.0, 1.0, 0.0, -0.48583984375, 0.405029296875, -0.556640625, 0.0, 0.11163330078125, 0.491455078125, -0.80078125, 0.0, 0.215576171875, 0.10601806640625, -0.79296875, 0.0, -0.204833984375, 0.1470947265625, 0.03472900390625, 0.0, 0.0188751220703125, -0.006122589111328125, -0.0479736328125, 3.80859375, -0.01482391357421875, -0.0138397216796875, 0.2235107421875, -3.923828125, -0.009002685546875, -0.139892578125, 0.107666015625, 2.970703125, 0.08203125, 0.169189453125, -0.30859375, 3.599609375, -2.185546875, 2.328125, -2.13671875, -4.08203125, 3.138671875, 1.6240234375, -1.3388671875, 3.154296875, -1.8203125, 0.4306640625, -0.8125, -7.7890625, -1.1611328125, 0.8662109375, -1.1142578125, -4.6640625], [-0.339111328125, -0.7578125, 0.63134765625, -0.177490234375, 0.1588134765625, -0.97119140625, 0.0, 1.0, 0.0, -0.47314453125, 0.442626953125, -0.5615234375, 0.0, 0.11138916015625, 0.443603515625, -0.7041015625, 0.0, 0.21044921875, 0.08270263671875, -0.728515625, 0.0, -0.175537109375, 0.22607421875, -0.0631103515625, 0.0, 0.0162200927734375, 0.064453125, -0.0831298828125, 3.79296875, -0.014862060546875, -0.060394287109375, 0.30224609375, -3.947265625, -0.007137298583984375, -0.12176513671875, 0.09521484375, 3.140625, 0.1021728515625, 0.2275390625, -0.337646484375, 3.060546875, -1.74609375, 3.359375, -2.296875, -4.99609375, 3.609375, 1.23828125, -0.298828125, 2.966796875, -2.7890625, 0.1875, -0.50244140625, -7.23046875, -1.0322265625, 1.9638671875, -1.708984375, -9.1640625], [-0.48779296875, -1.0498046875, 0.76611328125, -0.2384033203125, 0.2005615234375, -0.9501953125, 0.0, 1.0, 0.0, -0.46044921875, 0.497802734375, -0.58447265625, 0.0, 0.11431884765625, 0.39599609375, -0.60791015625, 0.0, 0.2110595703125, 0.05279541015625, -0.6513671875, 0.0, -0.1417236328125, 0.312255859375, -0.1671142578125, 0.0, 0.0212249755859375, 0.09698486328125, -0.121826171875, 3.87109375, -0.005001068115234375, -0.0743408203125, 0.298828125, -4.0078125, 0.004993438720703125, -0.121826171875, 0.11724853515625, 3.318359375, 0.110107421875, 0.2244873046875, -0.330078125, 2.556640625, -0.998046875, 4.03515625, -2.681640625, -5.1328125, 3.68359375, 1.0, -0.05426025390625, 2.837890625, -3.6953125, 0.00604248046875, 0.1290283203125, -6.984375, -1.0400390625, 2.271484375, -2.560546875, -11.2578125], [-0.666015625, -1.361328125, 0.86865234375, -0.31640625, 0.260498046875, -0.912109375, 0.0, 1.0, 0.0, -0.44189453125, 0.56103515625, -0.61181640625, 0.0, 0.12127685546875, 0.356201171875, -0.5263671875, 0.0, 0.308349609375, 0.05340576171875, -0.638671875, 0.0, -0.104736328125, 0.403076171875, -0.276611328125, 0.0, 0.03228759765625, 0.1046142578125, -0.12841796875, 3.8515625, -0.004421234130859375, -0.06927490234375, 0.2587890625, -3.97265625, 0.373291015625, 0.14306640625, -0.128173828125, -0.043792724609375, 0.115478515625, 0.2073974609375, -0.310791015625, 2.173828125, -0.241455078125, 4.55859375, -2.8125, -4.953125, 3.427734375, 0.84375, -0.2425537109375, 2.7578125, -3.83984375, -0.10003662109375, 0.83203125, -7.046875, -0.951171875, 2.3828125, -3.4453125, -11.75], [-0.8642578125, -1.6474609375, 0.79833984375, -0.40625, 0.3369140625, -0.849609375, 0.0, 1.0, 0.0, -0.423828125, 0.64111328125, -0.6533203125, 0.0, 0.1368408203125, 0.331787109375, -0.471923828125, 0.0, 0.49658203125, 0.104736328125, -0.681640625, 0.0, -0.07696533203125, 0.475830078125, -0.358154296875, 0.0, 0.043731689453125, 0.157470703125, -0.1602783203125, 3.755859375, 0.0299835205078125, -0.04290771484375, 0.2039794921875, -3.861328125, 0.54638671875, 0.10394287109375, -0.09063720703125, 0.19677734375, 0.0892333984375, 0.16650390625, -0.2415771484375, 2.02734375, 0.03857421875, 5.18359375, -3.25390625, -4.59765625, 3.37109375, 0.93359375, -0.7001953125, 2.81640625, -4.3046875, 1.0478515625, 1.4130859375, -5.3359375, -1.15625, 2.4453125, -3.369140625, -10.7734375], [-0.9296875, -1.88671875, 0.58984375, -0.50341796875, 0.4150390625, -0.7578125, 0.0, 1.0, 0.0, -0.404541015625, 0.7197265625, -0.68798828125, 0.0, 0.150634765625, 0.314453125, -0.436279296875, 0.0, 0.75244140625, 0.1336669921875, -0.6982421875, 0.0, -0.062286376953125, 0.53271484375, -0.41943359375, 0.0, 0.053955078125, 0.140869140625, -0.1351318359375, 3.673828125, 0.0265045166015625, -0.034393310546875, 0.1624755859375, -3.76171875, 0.72021484375, -0.005451202392578125, 0.01506805419921875, 0.1947021484375, 0.0626220703125, 0.1251220703125, -0.1934814453125, 2.060546875, 0.148681640625, 5.296875, -3.240234375, -4.14453125, 2.927734375, 0.962890625, -1.04296875, 2.78515625, -4.05078125, 1.3564453125, 2.21484375, -4.984375, -1.0439453125, 2.458984375, -3.310546875, -9.7109375]]
[DEBUG] self.actions_phase (raw): [0.149658203125, 5.40234375, -3.091796875, -3.498046875, 2.076171875, 0.87890625, -1.40234375, 2.849609375, -3.107421875, 1.482421875, 2.91015625, -5.1328125, -0.449462890625, 2.62109375, -3.076171875, -8.859375]
[DEBUG] self._last_actions_phase: [0.1495361328125, 5.37890625, -3.12109375, -3.62890625, 2.24609375, 0.8955078125, -1.3310546875, 2.8359375, -3.296875, 1.45703125, 2.771484375, -5.1015625, -0.568359375, 2.58984375, -3.123046875, -9.03125]
[DEBUG] low_level_position_actions shape: torch.Size([1, 12]), low_level_velocity_actions shape: torch.Size([1, 4])
[DEBUG] computed_torques: [15.847893714904785, 22.175437927246094, -0.9936027526855469, 4.674703598022461, -2.939861297607422, 0.8942673206329346, -23.700000762939453, 9.3349609375, 35.54999923706055, -1.602807879447937, 2.0889084339141846, -10.587042808532715, -23.700000762939453, 23.700000762939453, -14.701454162597656, -23.700000762939453]
[DEBUG_PD] rootZ=0.323 gravZ=-0.758 |legErr|=1.391 |tq|max=35.55 satFrac=0.31 |dofVel|max=75.25 linVel_b=[0.248,-0.462,-0.949] grav_b=[-0.503,0.415]
[DEBUG] computed_torques: [15.830202102661133, 19.22264862060547, -3.385375499725342, 4.4725751876831055, -2.53756046295166, 4.581233978271484, -23.700000762939453, 8.570812225341797, 35.54999923706055, -0.22649595141410828, 1.448396921157837, -12.802976608276367, 23.700000762939453, -23.700000762939453, -13.461739540100098, 19.415409088134766]
[DEBUG] computed_torques: [15.396902084350586, 21.05217742919922, -0.8277709484100342, 4.747353553771973, -2.671621799468994, 0.8928227424621582, -23.700000762939453, 10.821695327758789, 35.54999923706055, -1.6868774890899658, 1.5390620231628418, -9.898405075073242, -23.700000762939453, 23.700000762939453, -14.087000846862793, -23.700000762939453]
[DEBUG] computed_torques: [23.700000762939453, 21.314197540283203, -5.601460933685303, 17.808006286621094, -3.503511667251587, 8.007194519042969, -23.700000762939453, 10.19043350219
